              precision    recall  f1-score   support

           0       1.00      1.00      1.00        14
           1       1.00      1.00      1.00        14
           2       1.00      1.00      1.00        14
           3       1.00      1.00      1.00        14
           4       1.00      1.00      1.00        15
           5       1.00      1.00      1.00        14
           6       1.00      1.00      1.00        15
           7       1.00      1.00      1.00        15
           8       1.00      1.00      1.00        14
           9       1.00      1.00      1.00        15
          10       1.00      0.93      0.97        15
          11       1.00      1.00      1.00        14
          12       1.00      1.00      1.00        15
          13       1.00      0.86      0.92        14
          14       1.00      1.00      1.00        15
          15       0.88      1.00      0.93        14
          16       1.00      1.00      1.00        14
          17       0.93      1.00      0.97        14
          18       1.00      1.00      1.00        14
          19       1.00      1.00      1.00        15

    accuracy                           0.99       288
   macro avg       0.99      0.99      0.99       288
weighted avg       0.99      0.99      0.99       288
